466.160004 279069 960
466.160004 279069 240
466.160004 279069 240
466.160004 279069 960
466.160004 279069 240
466.160004 279069 240
466.160004 279069 480
466.160004 279069 240
466.160004 279069 240
466.160004 279069 480
466.160004 279069 240
466.160004 279069 240
466.160004 279069 480
466.160004 279069 240
466.160004 279069 240
466.160004 279069 480
587.330017 279069 240
622.250000 279069 240
698.460022 279069 480
466.160004 279069 480
622.250000 279069 240
698.460022 279069 240
783.989990 279069 480
466.160004 279069 480
698.460022 279069 240
783.989990 279069 240
830.609985 279069 480
932.330017 279069 480
329.630005 279069 480
932.330017 279069 240
932.330017 279069 240
932.330017 279069 480
1046.500000 279069 240
932.330017 279069 240
830.609985 279069 480
830.609985 279069 480
932.330017 279069 240
830.609985 279069 240
783.989990 279069 480
783.989990 279069 480
830.609985 279069 240
783.989990 279069 240
698.460022 279069 480
698.460022 279069 480
783.989990 279069 240
698.460022 279069 240
622.250000 279069 480
466.160004 279069 480
587.330017 279069 240
622.250000 279069 240
698.460022 279069 480
466.160004 279069 480
622.250000 279069 240
698.460022 279069 240
783.989990 279069 480
466.160004 279069 480
698.460022 279069 240
783.989990 279069 240
830.609985 279069 480
932.330017 279069 480
466.160004 279069 240
932.330017 279069 240
554.369995 279069 240
932.330017 279069 240
554.369995 279069 240
932.330017 279069 240
1046.500000 279069 240
932.330017 279069 240
830.609985 279069 480
493.880005 279069 240
830.609985 279069 240
932.330017 279069 240
830.609985 279069 240
783.989990 279069 480
466.160004 279069 240
783.989990 279069 240
830.609985 279069 240
783.989990 279069 240
698.460022 279069 480
622.250000 279069 480
466.160004 279069 240
466.160004 279069 240
466.160004 279069 240
466.160004 279069 240
466.160004 279069 480
587.330017 279069 240
622.250000 279069 240
698.460022 279069 480
466.160004 279069 480
622.250000 279069 240
698.460022 279069 240
783.989990 279069 480
466.160004 279069 480
698.460022 279069 240
783.989990 279069 240
830.609985 279069 480
932.330017 279069 480
329.630005 279069 480
932.330017 279069 240
932.330017 279069 240
932.330017 279069 480
1046.500000 279069 240
932.330017 279069 240
830.609985 279069 480
830.609985 279069 480
932.330017 279069 240
830.609985 279069 240
783.989990 279069 480
783.989990 279069 480
830.609985 279069 240
783.989990 279069 240
698.460022 279069 480
698.460022 279069 480
783.989990 279069 240
698.460022 279069 240
622.250000 279069 480
466.160004 279069 480
587.330017 279069 240
622.250000 279069 240
698.460022 279069 480
466.160004 279069 480
622.250000 279069 240
698.460022 279069 240
783.989990 279069 480
466.160004 279069 480
698.460022 279069 240
783.989990 279069 240
830.609985 279069 480
932.330017 279069 480
466.160004 279069 240
932.330017 279069 240
554.369995 279069 240
932.330017 279069 240
554.369995 279069 240
932.330017 279069 240
1046.500000 279069 240
932.330017 279069 240
830.609985 279069 480
493.880005 279069 240
830.609985 279069 240
932.330017 279069 240
830.609985 279069 240
783.989990 279069 480
466.160004 279069 240
783.989990 279069 240
830.609985 279069 240
783.989990 279069 240
698.460022 279069 480
622.250000 279069 480
622.250000 279069 240
622.250000 279069 240
622.250000 279069 240
622.250000 279069 240
622.250000 279069 240
622.250000 279069 240
622.250000 279069 240
622.250000 279069 240
622.250000 279069 240
622.250000 279069 240
698.460022 279069 240
622.250000 279069 240
523.250000 279069 240
415.299988 279069 240
311.130005 279069 240
329.630005 279069 240
349.230011 279069 240
349.230011 279069 240
349.230011 279069 240
349.230011 279069 240
349.230011 279069 240
349.230011 279069 240
311.130005 279069 240
415.299988 279069 240
523.250000 279069 240
622.250000 279069 240
830.609985 279069 240
659.250000 279069 240
698.460022 279069 240
698.460022 279069 240
698.460022 279069 240
698.460022 279069 240
698.460022 279069 240
698.460022 279069 240
698.460022 279069 160
783.989990 279069 160
698.460022 279069 160
622.250000 279069 240
830.609985 279069 240
1046.500000 279069 480
1396.910034 279069 480
1244.500000 279069 240
1108.699951 279069 240
783.989990 279069 480
932.330017 279069 480
830.609985 279069 240
622.250000 279069 240
523.250000 279069 480
622.250000 279069 240
622.250000 279069 240
622.250000 279069 240
622.250000 279069 240
622.250000 279069 240
622.250000 279069 240
698.460022 279069 240
622.250000 279069 240
523.250000 279069 240
415.299988 279069 240
311.130005 279069 240
329.630005 279069 240
349.230011 279069 240
349.230011 279069 240
349.230011 279069 240
349.230011 279069 240
349.230011 279069 240
349.230011 279069 240
311.130005 279069 240
415.299988 279069 240
523.250000 279069 240
622.250000 279069 240
830.609985 279069 240
659.250000 279069 240
698.460022 279069 240
698.460022 279069 240
698.460022 279069 240
698.460022 279069 240
698.460022 279069 240
698.460022 279069 240
698.460022 279069 160
783.989990 279069 160
698.460022 279069 160
622.250000 279069 240
830.609985 279069 240
1046.500000 279069 480
1396.910034 279069 480
1244.500000 279069 240
1108.699951 279069 240
783.989990 279069 480
830.609985 279069 480
311.130005 279069 480
523.250000 279069 480
466.160004 279069 480
587.330017 279069 240
622.250000 279069 240
698.460022 279069 480
466.160004 279069 480
622.250000 279069 240
698.460022 279069 240
783.989990 279069 480
466.160004 279069 480
698.460022 279069 240
783.989990 279069 240
830.609985 279069 480
932.330017 279069 480
329.630005 279069 480
932.330017 279069 240
932.330017 279069 240
932.330017 279069 480
1046.500000 279069 240
932.330017 279069 240
830.609985 279069 480
830.609985 279069 480
932.330017 279069 240
830.609985 279069 240
783.989990 279069 480
783.989990 279069 480
830.609985 279069 240
783.989990 279069 240
698.460022 279069 480
698.460022 279069 480
783.989990 279069 240
698.460022 279069 240
622.250000 279069 480
466.160004 279069 240
587.330017 279069 240
622.250000 279069 240
659.250000 279069 240
698.460022 279069 480
466.160004 279069 240
587.330017 279069 240
622.250000 279069 240
698.460022 279069 240
783.989990 279069 480
466.160004 279069 240
659.250000 279069 240
698.460022 279069 240
783.989990 279069 240
830.609985 279069 480
932.330017 279069 480
466.160004 279069 240
932.330017 279069 240
554.369995 279069 240
932.330017 279069 240
554.369995 279069 240
932.330017 279069 240
1046.500000 279069 240
932.330017 279069 240
830.609985 279069 480
493.880005 279069 240
830.609985 279069 240
932.330017 279069 240
830.609985 279069 240
783.989990 279069 480
466.160004 279069 240
783.989990 279069 240
830.609985 279069 240
783.989990 279069 240
698.460022 279069 480
622.250000 279069 480
622.250000 279069 240
622.250000 279069 240
622.250000 279069 240
622.250000 279069 240
622.250000 279069 240
622.250000 279069 240
622.250000 279069 240
622.250000 279069 240
622.250000 279069 240
622.250000 279069 240
698.460022 279069 240
622.250000 279069 240
523.250000 279069 240
415.299988 279069 240
311.130005 279069 240
329.630005 279069 240
349.230011 279069 240
349.230011 279069 240
349.230011 279069 240
349.230011 279069 240
349.230011 279069 240
349.230011 279069 240
311.130005 279069 240
415.299988 279069 240
523.250000 279069 240
622.250000 279069 240
830.609985 279069 240
659.250000 279069 240
698.460022 279069 240
698.460022 279069 240
698.460022 279069 240
698.460022 279069 240
698.460022 279069 240
698.460022 279069 240
698.460022 279069 160
783.989990 279069 160
698.460022 279069 160
622.250000 279069 240
830.609985 279069 240
1046.500000 279069 480
1396.910034 279069 480
1244.500000 279069 240
1108.699951 279069 240
783.989990 279069 480
932.330017 279069 480
830.609985 279069 240
622.250000 279069 240
523.250000 279069 480
622.250000 279069 240
622.250000 279069 240
622.250000 279069 240
622.250000 279069 240
622.250000 279069 240
622.250000 279069 240
698.460022 279069 240
622.250000 279069 240
523.250000 279069 240
415.299988 279069 240
311.130005 279069 240
329.630005 279069 240
349.230011 279069 240
349.230011 279069 240
349.230011 279069 240
349.230011 279069 240
349.230011 279069 240
349.230011 279069 240
311.130005 279069 240
415.299988 279069 240
523.250000 279069 240
622.250000 279069 240
830.609985 279069 240
659.250000 279069 240
698.460022 279069 240
698.460022 279069 240
698.460022 279069 240
698.460022 279069 240
698.460022 279069 240
698.460022 279069 240
698.460022 279069 160
783.989990 279069 160
698.460022 279069 160
622.250000 279069 240
830.609985 279069 240
1046.500000 279069 480
1396.910034 279069 480
1244.500000 279069 240
1108.699951 279069 240
783.989990 279069 480
830.609985 279069 480
523.250000 279069 480
415.299988 279069 480
739.989990 279069 480
311.130005 279069 480
587.330017 279069 480
622.250000 279069 480
415.299988 279069 240
415.299988 279069 240
415.299988 279069 480
932.330017 279069 480
349.230011 279069 480
783.989990 279069 480
830.609985 279069 480
415.299988 279069 240
415.299988 279069 240
415.299988 279069 480
739.989990 279069 480
311.130005 279069 480
587.330017 279069 480
622.250000 279069 480
415.299988 279069 240
415.299988 279069 240
415.299988 279069 480
739.989990 279069 480
698.460022 279069 480
622.250000 279069 480
554.369995 279069 480
415.299988 279069 240
415.299988 279069 240
415.299988 279069 480
739.989990 279069 480
311.130005 279069 480
587.330017 279069 480
622.250000 279069 480
415.299988 279069 240
415.299988 279069 240
415.299988 279069 480
932.330017 279069 480
349.230011 279069 480
783.989990 279069 480
830.609985 279069 480
415.299988 279069 240
415.299988 279069 240
415.299988 279069 480
830.609985 279069 480
466.160004 279069 240
830.609985 279069 240
739.989990 279069 480
207.649994 279069 480
415.299988 279069 240
739.989990 279069 240
698.460022 279069 480
207.649994 279069 480
369.989990 279069 240
698.460022 279069 240
622.250000 279069 480
554.369995 279069 480
415.299988 279069 240
415.299988 279069 240
415.299988 279069 480
739.989990 279069 480
311.130005 279069 480
587.330017 279069 480
622.250000 279069 480
415.299988 279069 240
415.299988 279069 240
415.299988 279069 480
932.330017 279069 480
349.230011 279069 480
783.989990 279069 480
830.609985 279069 480
415.299988 279069 240
415.299988 279069 240
415.299988 279069 480
739.989990 279069 480
311.130005 279069 480
587.330017 279069 480
622.250000 279069 480
415.299988 279069 240
415.299988 279069 240
415.299988 279069 480
739.989990 279069 480
698.460022 279069 480
622.250000 279069 480
554.369995 279069 480
415.299988 279069 240
415.299988 279069 240
415.299988 279069 480
739.989990 279069 480
311.130005 279069 480
587.330017 279069 480
622.250000 279069 480
415.299988 279069 240
415.299988 279069 240
415.299988 279069 480
932.330017 279069 480
349.230011 279069 480
783.989990 279069 480
830.609985 279069 480
415.299988 279069 240
415.299988 279069 240
415.299988 279069 480
830.609985 279069 480
466.160004 279069 240
830.609985 279069 240
739.989990 279069 480
207.649994 279069 480
415.299988 279069 240
739.989990 279069 240
698.460022 279069 480
207.649994 279069 480
369.989990 279069 240
698.460022 279069 240
622.250000 279069 480
554.369995 279069 480
698.460022 279069 60
622.250000 279069 480
392.000000 279069 420
698.460022 279069 60
622.250000 279069 480
392.000000 279069 420
698.460022 279069 60
622.250000 279069 480
392.000000 279069 480
415.299988 279069 240
523.250000 279069 240
622.250000 279069 240
830.609985 279069 240
1046.500000 279069 480
830.609985 279069 160
932.330017 279069 160
830.609985 279069 160
698.460022 279069 240
587.330017 279069 240
622.250000 279069 60
622.250000 279069 480
392.000000 279069 420
698.460022 279069 60
622.250000 279069 480
392.000000 279069 420
698.460022 279069 60
622.250000 279069 480
392.000000 279069 480
311.130005 279069 160
349.230011 279069 160
311.130005 279069 160
293.660004 279069 240
311.130005 279069 240
523.250000 279069 240
466.160004 279069 120
415.299988 279069 60
466.160004 279069 60
415.299988 279069 240
392.000000 279069 240
415.299988 279069 240
466.160004 279069 240
523.250000 279069 240
554.369995 279069 60
622.250000 279069 480
392.000000 279069 420
698.460022 279069 60
622.250000 279069 480
392.000000 279069 420
698.460022 279069 60
622.250000 279069 480
392.000000 279069 480
415.299988 279069 240
523.250000 279069 240
622.250000 279069 240
830.609985 279069 240
1046.500000 279069 480
830.609985 279069 160
932.330017 279069 160
830.609985 279069 160
698.460022 279069 240
587.330017 279069 240
622.250000 279069 60
622.250000 279069 480
392.000000 279069 420
698.460022 279069 60
622.250000 279069 480
392.000000 279069 420
698.460022 279069 60
622.250000 279069 480
392.000000 279069 360
415.299988 279069 60
466.160004 279069 60
415.299988 279069 240
392.000000 279069 240
415.299988 279069 240
466.160004 279069 240
523.250000 279069 240
554.369995 279069 240
622.250000 279069 240
698.460022 279069 240
739.989990 279069 240
783.989990 279069 240
932.330017 279069 360
830.609985 279069 120
739.989990 279069 480
311.130005 279069 480
587.330017 279069 480
622.250000 279069 480
415.299988 279069 240
415.299988 279069 240
415.299988 279069 480
932.330017 279069 480
349.230011 279069 480
783.989990 279069 480
830.609985 279069 480
415.299988 279069 240
415.299988 279069 240
415.299988 279069 480
739.989990 279069 480
311.130005 279069 480
587.330017 279069 480
622.250000 279069 480
415.299988 279069 240
415.299988 279069 240
415.299988 279069 480
739.989990 279069 480
698.460022 279069 480
622.250000 279069 480
554.369995 279069 480
415.299988 279069 240
415.299988 279069 240
415.299988 279069 480
739.989990 279069 480
311.130005 279069 480
587.330017 279069 480
622.250000 279069 480
415.299988 279069 240
415.299988 279069 240
415.299988 279069 480
932.330017 279069 480
349.230011 279069 480
783.989990 279069 480
830.609985 279069 480
415.299988 279069 240
415.299988 279069 240
415.299988 279069 480
830.609985 279069 480
466.160004 279069 240
830.609985 279069 240
739.989990 279069 480
207.649994 279069 480
415.299988 279069 240
739.989990 279069 240
698.460022 279069 480
207.649994 279069 480
369.989990 279069 240
698.460022 279069 240
622.250000 279069 480
554.369995 279069 480
277.179993 279069 240
277.179993 279069 240
277.179993 279069 480
415.299988 279069 480
277.179993 279069 480
415.299988 279069 360
415.299988 279069 60
466.160004 279069 60
415.299988 279069 480
277.179993 279069 240
415.299988 279069 480
466.160004 279069 480
277.179993 279069 480
554.369995 279069 480
739.989990 279069 480
293.660004 279069 480
311.130005 279069 480
698.460022 279069 480
311.130005 279069 240
622.250000 279069 480
698.460022 279069 480
311.130005 279069 240
622.250000 279069 480
698.460022 279069 480
311.130005 279069 240
622.250000 279069 480
523.250000 279069 480
207.649994 279069 240
554.369995 279069 480
830.609985 279069 480
277.179993 279069 480
830.609985 279069 360
830.609985 279069 60
932.330017 279069 60
830.609985 279069 480
277.179993 279069 240
830.609985 279069 480
932.330017 279069 480
554.369995 279069 480
1108.699951 279069 480
1479.979980 279069 480
293.660004 279069 480
311.130005 279069 480
1396.910034 279069 480
311.130005 279069 240
1244.500000 279069 480
1396.910034 279069 480
311.130005 279069 240
1244.500000 279069 480
1396.910034 279069 480
311.130005 279069 240
1244.500000 279069 480
1108.699951 279069 480
277.179993 279069 480
415.299988 279069 480
277.179993 279069 480
415.299988 279069 360
415.299988 279069 60
466.160004 279069 60
415.299988 279069 480
277.179993 279069 240
415.299988 279069 480
466.160004 279069 480
277.179993 279069 480
554.369995 279069 480
739.989990 279069 480
293.660004 279069 480
311.130005 279069 480
698.460022 279069 480
311.130005 279069 240
622.250000 279069 480
698.460022 279069 480
311.130005 279069 240
622.250000 279069 480
698.460022 279069 480
311.130005 279069 240
622.250000 279069 480
523.250000 279069 480
207.649994 279069 240
554.369995 279069 480
830.609985 279069 480
277.179993 279069 480
830.609985 279069 360
830.609985 279069 60
932.330017 279069 60
830.609985 279069 480
277.179993 279069 240
830.609985 279069 480
932.330017 279069 480
554.369995 279069 480
1108.699951 279069 480
1479.979980 279069 480
293.660004 279069 480
311.130005 279069 480
1396.910034 279069 480
311.130005 279069 240
1244.500000 279069 480
1396.910034 279069 480
311.130005 279069 240
1244.500000 279069 480
1396.910034 279069 480
311.130005 279069 240
1244.500000 279069 480
1108.699951 279069 480
698.460022 279069 60
739.989990 279069 420
739.989990 279069 60
659.250000 279069 420
659.250000 279069 60
698.460022 279069 60
739.989990 279069 420
739.989990 279069 60
659.250000 279069 420
659.250000 279069 60
698.460022 279069 420
698.460022 279069 60
1108.699951 279069 420
1108.699951 279069 60
1046.500000 279069 420
1046.500000 279069 60
987.770020 279069 60
932.330017 279069 420
932.330017 279069 60
880.000000 279069 420
880.000000 279069 60
830.609985 279069 60
783.989990 279069 420
783.989990 279069 60
739.989990 279069 420
739.989990 279069 60
698.460022 279069 60
659.250000 279069 420
659.250000 279069 60
622.250000 279069 420
622.250000 279069 60
523.250000 279069 60
554.369995 279069 420
554.369995 279069 60
440.000000 279069 420
440.000000 279069 60
466.160004 279069 60
554.369995 279069 420
554.369995 279069 60
622.250000 279069 420
622.250000 279069 60
659.250000 279069 60
739.989990 279069 420
739.989990 279069 60
659.250000 279069 420
659.250000 279069 60
698.460022 279069 60
739.989990 279069 420
739.989990 279069 60
659.250000 279069 420
659.250000 279069 60
698.460022 279069 420
698.460022 279069 60
1396.910034 279069 420
1396.910034 279069 60
1108.699951 279069 420
1108.699951 279069 60
932.330017 279069 60
739.989990 279069 420
739.989990 279069 60
622.250000 279069 420
622.250000 279069 60
523.250000 279069 60
698.460022 279069 420
698.460022 279069 60
659.250000 279069 420
659.250000 279069 60
622.250000 279069 60
587.330017 279069 420
587.330017 279069 60
554.369995 279069 420
554.369995 279069 60
523.250000 279069 60
493.880005 279069 420
493.880005 279069 60
466.160004 279069 420
466.160004 279069 60
440.000000 279069 60
415.299988 279069 420
415.299988 279069 60
392.000000 279069 420
392.000000 279069 60
369.989990 279069 480
415.299988 279069 480
277.179993 279069 480
415.299988 279069 360
415.299988 279069 60
466.160004 279069 60
415.299988 279069 480
277.179993 279069 240
415.299988 279069 480
466.160004 279069 480
277.179993 279069 480
554.369995 279069 480
739.989990 279069 480
293.660004 279069 480
311.130005 279069 480
698.460022 279069 480
311.130005 279069 240
622.250000 279069 480
698.460022 279069 480
311.130005 279069 240
622.250000 279069 480
698.460022 279069 480
311.130005 279069 240
622.250000 279069 480
523.250000 279069 480
207.649994 279069 240
554.369995 279069 480
830.609985 279069 480
277.179993 279069 480
830.609985 279069 360
830.609985 279069 60
932.330017 279069 60
830.609985 279069 480
277.179993 279069 240
830.609985 279069 480
932.330017 279069 480
554.369995 279069 480
1108.699951 279069 480
1479.979980 279069 480
293.660004 279069 480
311.130005 279069 480
1396.910034 279069 480
311.130005 279069 240
1244.500000 279069 480
1396.910034 279069 480
311.130005 279069 240
1244.500000 279069 480
1396.910034 279069 480
311.130005 279069 240
1244.500000 279069 480
1108.699951 279069 480
277.179993 279069 60
739.989990 279069 420
739.989990 279069 60
659.250000 279069 420
659.250000 279069 60
698.460022 279069 60
739.989990 279069 420
739.989990 279069 60
659.250000 279069 420
659.250000 279069 60
698.460022 279069 420
698.460022 279069 60
1108.699951 279069 420
1108.699951 279069 60
1046.500000 279069 420
1046.500000 279069 60
987.770020 279069 60
932.330017 279069 420
932.330017 279069 60
880.000000 279069 420
880.000000 279069 60
830.609985 279069 60
783.989990 279069 420
783.989990 279069 60
739.989990 279069 420
739.989990 279069 60
698.460022 279069 60
659.250000 279069 420
659.250000 279069 60
622.250000 279069 420
622.250000 279069 60
523.250000 279069 60
554.369995 279069 420
554.369995 279069 60
440.000000 279069 420
440.000000 279069 60
466.160004 279069 60
554.369995 279069 420
554.369995 279069 60
622.250000 279069 420
622.250000 279069 60
659.250000 279069 60
739.989990 279069 420
739.989990 279069 60
659.250000 279069 420
659.250000 279069 60
698.460022 279069 60
739.989990 279069 420
739.989990 279069 60
659.250000 279069 420
659.250000 279069 60
698.460022 279069 420
698.460022 279069 60
1396.910034 279069 420
1396.910034 279069 60
1108.699951 279069 420
1108.699951 279069 60
932.330017 279069 60
739.989990 279069 420
739.989990 279069 60
622.250000 279069 420
622.250000 279069 60
523.250000 279069 60
698.460022 279069 420
698.460022 279069 60
659.250000 279069 420
659.250000 279069 60
622.250000 279069 60
587.330017 279069 420
587.330017 279069 60
554.369995 279069 420
554.369995 279069 60
523.250000 279069 60
493.880005 279069 420
493.880005 279069 60
466.160004 279069 420
466.160004 279069 60
440.000000 279069 60
415.299988 279069 420
415.299988 279069 60
392.000000 279069 420
392.000000 279069 60
369.989990 279069 480
415.299988 279069 480
277.179993 279069 480
415.299988 279069 360
415.299988 279069 60
466.160004 279069 60
415.299988 279069 480
277.179993 279069 240
415.299988 279069 480
466.160004 279069 480
277.179993 279069 480
554.369995 279069 480
739.989990 279069 480
293.660004 279069 480
311.130005 279069 480
698.460022 279069 480
311.130005 279069 240
622.250000 279069 480
698.460022 279069 480
311.130005 279069 240
622.250000 279069 480
698.460022 279069 480
311.130005 279069 240
622.250000 279069 480
523.250000 279069 480
207.649994 279069 240
554.369995 279069 480
830.609985 279069 480
277.179993 279069 480
830.609985 279069 360
830.609985 279069 60
932.330017 279069 60
830.609985 279069 480
277.179993 279069 240
830.609985 279069 480
932.330017 279069 480
554.369995 279069 480
1108.699951 279069 480
1479.979980 279069 480
293.660004 279069 480
311.130005 279069 480
1396.910034 279069 480
311.130005 279069 240
1244.500000 279069 480
1396.910034 279069 480
311.130005 279069 240
1244.500000 279069 480
1396.910034 279069 480
311.130005 279069 240
1244.500000 279069 480
1108.699951 279069 480
698.460022 279069 240
698.460022 279069 240
554.369995 279069 240
622.250000 279069 240
554.369995 279069 240
523.250000 279069 240
554.369995 279069 240
587.330017 279069 240
698.460022 279069 480
369.989990 279069 480
622.250000 279069 480
415.299988 279069 240
466.160004 279069 240
415.299988 279069 240
392.000000 279069 240
415.299988 279069 240
440.000000 279069 240
466.160004 279069 480
369.989990 279069 240
466.160004 279069 240
493.880005 279069 240
523.250000 279069 120
554.369995 279069 60
622.250000 279069 60
554.369995 279069 240
523.250000 279069 240
554.369995 279069 240
932.330017 279069 240
830.609985 279069 240
739.989990 279069 240
698.460022 279069 480
369.989990 279069 480
622.250000 279069 480
415.299988 279069 160
466.160004 279069 160
415.299988 279069 160
392.000000 279069 240
415.299988 279069 240
493.880005 279069 240
466.160004 279069 240
369.989990 279069 240
261.630005 279069 240
277.179993 279069 240
349.230011 279069 240
369.989990 279069 240
466.160004 279069 240
554.369995 279069 240
622.250000 279069 240
554.369995 279069 240
523.250000 279069 240
554.369995 279069 240
587.330017 279069 180
587.330017 279069 60
698.460022 279069 480
369.989990 279069 480
622.250000 279069 480
415.299988 279069 240
466.160004 279069 120
415.299988 279069 60
466.160004 279069 60
415.299988 279069 240
392.000000 279069 240
415.299988 279069 240
440.000000 279069 240
466.160004 279069 480
369.989990 279069 240
466.160004 279069 240
493.880005 279069 240
523.250000 279069 120
554.369995 279069 60
622.250000 279069 60
554.369995 279069 240
523.250000 279069 240
554.369995 279069 160
987.770020 279069 160
932.330017 279069 160
932.330017 279069 160
830.609985 279069 160
739.989990 279069 160
698.460022 279069 480
369.989990 279069 480
622.250000 279069 480
415.299988 279069 160
466.160004 279069 160
415.299988 279069 160
392.000000 279069 240
415.299988 279069 240
493.880005 279069 240
466.160004 279069 240
369.989990 279069 480
277.179993 279069 480
466.160004 279069 240
466.160004 279069 240
466.160004 279069 480
466.160004 279069 240
466.160004 279069 240
466.160004 279069 480
466.160004 279069 240
466.160004 279069 240
466.160004 279069 480
932.330017 279069 240
932.330017 279069 240
932.330017 279069 480
932.330017 279069 240
932.330017 279069 240
932.330017 279069 480
932.330017 279069 240
932.330017 279069 240
932.330017 279069 480
466.160004 279069 240
466.160004 279069 240
466.160004 279069 480
466.160004 279069 240
466.160004 279069 240
466.160004 279069 480
466.160004 279069 240
466.160004 279069 240
466.160004 279069 480
466.160004 279069 240
466.160004 279069 240
466.160004 279069 480
466.160004 279069 240
466.160004 279069 240
466.160004 279069 480
587.330017 279069 240
622.250000 279069 240
698.460022 279069 480
466.160004 279069 480
622.250000 279069 240
698.460022 279069 240
783.989990 279069 480
466.160004 279069 480
698.460022 279069 240
783.989990 279069 240
830.609985 279069 480
932.330017 279069 480
329.630005 279069 480
932.330017 279069 240
932.330017 279069 240
932.330017 279069 480
1046.500000 279069 240
932.330017 279069 240
830.609985 279069 480
830.609985 279069 480
932.330017 279069 240
830.609985 279069 240
783.989990 279069 480
783.989990 279069 480
830.609985 279069 240
783.989990 279069 240
698.460022 279069 480
698.460022 279069 480
783.989990 279069 240
698.460022 279069 240
622.250000 279069 480
932.330017 279069 480
587.330017 279069 240
622.250000 279069 240
698.460022 279069 480
932.330017 279069 480
622.250000 279069 240
698.460022 279069 240
783.989990 279069 480
932.330017 279069 480
698.460022 279069 240
783.989990 279069 240
830.609985 279069 480
932.330017 279069 480
466.160004 279069 240
932.330017 279069 240
554.369995 279069 240
932.330017 279069 240
554.369995 279069 240
932.330017 279069 240
1046.500000 279069 240
932.330017 279069 240
830.609985 279069 480
493.880005 279069 240
830.609985 279069 240
932.330017 279069 240
830.609985 279069 240
783.989990 279069 480
466.160004 279069 240
783.989990 279069 240
830.609985 279069 240
783.989990 279069 240
698.460022 279069 480
622.250000 279069 480
622.250000 279069 240
622.250000 279069 240
622.250000 279069 240
622.250000 279069 240
622.250000 279069 240
622.250000 279069 240
622.250000 279069 240
622.250000 279069 240
622.250000 279069 240
622.250000 279069 240
698.460022 279069 240
622.250000 279069 240
523.250000 279069 240
415.299988 279069 240
311.130005 279069 240
329.630005 279069 240
349.230011 279069 240
349.230011 279069 240
349.230011 279069 240
349.230011 279069 240
349.230011 279069 240
349.230011 279069 240
311.130005 279069 240
415.299988 279069 240
523.250000 279069 240
622.250000 279069 240
830.609985 279069 240
659.250000 279069 240
698.460022 279069 240
698.460022 279069 240
698.460022 279069 240
698.460022 279069 240
698.460022 279069 240
698.460022 279069 240
698.460022 279069 160
783.989990 279069 160
698.460022 279069 160
622.250000 279069 240
830.609985 279069 240
1046.500000 279069 480
1396.910034 279069 480
1244.500000 279069 240
1108.699951 279069 240
783.989990 279069 480
932.330017 279069 480
830.609985 279069 240
622.250000 279069 240
523.250000 279069 480
622.250000 279069 240
622.250000 279069 240
622.250000 279069 240
622.250000 279069 240
622.250000 279069 240
622.250000 279069 240
698.460022 279069 240
622.250000 279069 240
523.250000 279069 240
415.299988 279069 240
311.130005 279069 240
329.630005 279069 240
349.230011 279069 240
349.230011 279069 240
349.230011 279069 240
349.230011 279069 240
349.230011 279069 240
349.230011 279069 240
311.130005 279069 240
415.299988 279069 240
523.250000 279069 240
622.250000 279069 240
830.609985 279069 240
659.250000 279069 240
698.460022 279069 240
698.460022 279069 240
698.460022 279069 240
698.460022 279069 240
698.460022 279069 240
698.460022 279069 240
698.460022 279069 160
783.989990 279069 160
698.460022 279069 160
622.250000 279069 240
830.609985 279069 240
1046.500000 279069 480
1396.910034 279069 480
1244.500000 279069 240
1108.699951 279069 240
783.989990 279069 480
830.609985 279069 480
311.130005 279069 480
523.250000 279069 480
466.160004 279069 480
587.330017 279069 240
622.250000 279069 240
698.460022 279069 480
466.160004 279069 480
622.250000 279069 240
698.460022 279069 240
783.989990 279069 480
466.160004 279069 480
698.460022 279069 240
783.989990 279069 240
830.609985 279069 480
932.330017 279069 480
329.630005 279069 480
932.330017 279069 240
932.330017 279069 240
932.330017 279069 480
1046.500000 279069 240
932.330017 279069 240
830.609985 279069 480
830.609985 279069 480
932.330017 279069 240
830.609985 279069 240
783.989990 279069 480
783.989990 279069 480
830.609985 279069 240
783.989990 279069 240
698.460022 279069 480
698.460022 279069 480
783.989990 279069 240
698.460022 279069 240
622.250000 279069 480
932.330017 279069 240
587.330017 279069 240
622.250000 279069 240
659.250000 279069 240
698.460022 279069 480
932.330017 279069 240
587.330017 279069 240
622.250000 279069 240
698.460022 279069 240
783.989990 279069 480
932.330017 279069 480
698.460022 279069 240
783.989990 279069 240
830.609985 279069 480
932.330017 279069 480
932.330017 279069 240
932.330017 279069 240
932.330017 279069 480
1046.500000 279069 240
932.330017 279069 240
830.609985 279069 480
830.609985 279069 480
932.330017 279069 240
830.609985 279069 240
783.989990 279069 480
783.989990 279069 480
830.609985 279069 240
783.989990 279069 240
698.460022 279069 480
155.559998 279069 480
369.989990 279069 480
369.989990 279069 480
155.559998 279069 480
369.989990 279069 480
369.989990 279069 480
155.559998 279069 480
369.989990 279069 480
369.989990 279069 480
155.559998 279069 480
369.989990 279069 480
369.989990 279069 480
311.130005 279069 240
311.130005 279069 240
311.130005 279069 240
311.130005 279069 240
311.130005 279069 480
196.000000 279069 240
233.080002 279069 240
311.130005 279069 240
392.000000 279069 240
523.250000 279069 60
493.880005 279069 420
493.880005 279069 60
466.160004 279069 420
466.160004 279069 60
440.000000 279069 60
415.299988 279069 420
415.299988 279069 60
392.000000 279069 420
392.000000 279069 60
349.230011 279069 480
311.130005 279069 240
311.130005 279069 240
311.130005 279069 240
311.130005 279069 240
311.130005 279069 480
261.630005 279069 240
311.130005 279069 240
415.299988 279069 240
523.250000 279069 240
698.460022 279069 60
698.460022 279069 420
698.460022 279069 60
659.250000 279069 420
659.250000 279069 60
622.250000 279069 60
587.330017 279069 420
587.330017 279069 60
554.369995 279069 420
554.369995 279069 60
523.250000 279069 480
493.880005 279069 240
493.880005 279069 240
493.880005 279069 240
493.880005 279069 240
493.880005 279069 240
493.880005 279069 240
415.299988 279069 240
493.880005 279069 240
587.330017 279069 240
698.460022 279069 240
987.770020 279069 60
932.330017 279069 420
932.330017 279069 60
880.000000 279069 420
880.000000 279069 60
830.609985 279069 60
783.989990 279069 420
783.989990 279069 60
739.989990 279069 420
739.989990 279069 60
698.460022 279069 420
698.460022 279069 60
1567.979980 279069 420
1567.979980 279069 60
1396.910034 279069 420
1396.910034 279069 60
1318.510010 279069 60
1244.500000 279069 420
1244.500000 279069 60
1174.599976 279069 420
1174.599976 279069 60
1108.699951 279069 60
1046.500000 279069 420
1046.500000 279069 60
987.770020 279069 420
987.770020 279069 60
932.330017 279069 60
880.000000 279069 420
880.000000 279069 60
830.609985 279069 420
830.609985 279069 60
698.460022 279069 480
1244.500000 279069 480
783.989990 279069 240
830.609985 279069 240
932.330017 279069 480
1244.500000 279069 480
739.989990 279069 240
830.609985 279069 240
880.000000 279069 480
1244.500000 279069 480
698.460022 279069 240
783.989990 279069 240
830.609985 279069 480
932.330017 279069 480
932.330017 279069 240
932.330017 279069 240
932.330017 279069 480
830.609985 279069 240
783.989990 279069 240
698.460022 279069 480
932.330017 279069 480
783.989990 279069 240
698.460022 279069 240
622.250000 279069 480
783.989990 279069 480
523.250000 279069 240
466.160004 279069 240
698.460022 279069 480
698.460022 279069 480
466.160004 279069 240
415.299988 279069 240
622.250000 279069 480
622.250000 279069 480
415.299988 279069 240
466.160004 279069 240
523.250000 279069 480
622.250000 279069 480
415.299988 279069 240
466.160004 279069 240
493.880005 279069 480
622.250000 279069 480
392.000000 279069 240
415.299988 279069 240
466.160004 279069 480
466.160004 279069 480
233.080002 279069 480
466.160004 279069 240
466.160004 279069 240
466.160004 279069 480
415.299988 279069 240
392.000000 279069 240
349.230011 279069 480
466.160004 279069 480
392.000000 279069 240
349.230011 279069 240
311.130005 279069 480
493.880005 279069 240
493.880005 279069 240
493.880005 279069 240
493.880005 279069 240
493.880005 279069 240
493.880005 279069 240
493.880005 279069 240
466.160004 279069 240
392.000000 279069 240
311.130005 279069 240
233.080002 279069 480
466.160004 279069 480
415.299988 279069 240
392.000000 279069 240
349.230011 279069 480
466.160004 279069 480
392.000000 279069 240
349.230011 279069 240
311.130005 279069 480
493.880005 279069 240
493.880005 279069 240
493.880005 279069 240
493.880005 279069 240
493.880005 279069 240
493.880005 279069 240
493.880005 279069 240
466.160004 279069 240
392.000000 279069 240
311.130005 279069 240
233.080002 279069 480
493.880005 279069 240
493.880005 279069 240
493.880005 279069 240
493.880005 279069 240
493.880005 279069 240
493.880005 279069 240
493.880005 279069 240
466.160004 279069 240
415.299988 279069 240
349.230011 279069 240
277.179993 279069 480
783.989990 279069 240
698.460022 279069 240
587.330017 279069 240
493.880005 279069 240
415.299988 279069 480
987.770020 279069 240
830.609985 279069 240
698.460022 279069 240
587.330017 279069 240
493.880005 279069 480
1975.530029 279069 240
1567.979980 279069 240
1975.530029 279069 240
1661.219971 279069 240
1396.910034 279069 240
1174.599976 279069 240
987.770020 279069 240
783.989990 279069 240
987.770020 279069 240
830.609985 279069 240
698.460022 279069 240
587.330017 279069 240
493.880005 279069 240
392.000000 279069 240
493.880005 279069 240
415.299988 279069 240
349.230011 279069 240
293.660004 279069 240
246.940002 279069 240
196.000000 279069 240
246.940002 279069 240
207.649994 279069 240
174.610001 279069 240
293.660004 279069 240
311.130005 279069 480
196.000000 279069 240
207.649994 279069 240
233.080002 279069 240
261.630005 279069 240
293.660004 279069 240
311.130005 279069 240
349.230011 279069 240
392.000000 279069 240
415.299988 279069 240
440.000000 279069 240
523.250000 279069 240
466.160004 279069 240
392.000000 279069 240
415.299988 279069 240
466.160004 279069 240
523.250000 279069 240
587.330017 279069 240
622.250000 279069 240
698.460022 279069 240
783.989990 279069 240
830.609985 279069 240
880.000000 279069 240
1046.500000 279069 240
932.330017 279069 240
783.989990 279069 240
830.609985 279069 240
932.330017 279069 240
1046.500000 279069 240
587.330017 279069 240
622.250000 279069 240
698.460022 279069 240
783.989990 279069 240
830.609985 279069 240
880.000000 279069 240
1046.500000 279069 240
932.330017 279069 240
783.989990 279069 240
830.609985 279069 240
880.000000 279069 240
932.330017 279069 240
1046.500000 279069 240
932.330017 279069 240
783.989990 279069 240
830.609985 279069 240
880.000000 279069 240
932.330017 279069 240
1244.500000 279069 240
783.989990 279069 240
830.609985 279069 240
880.000000 279069 240
932.330017 279069 240
1244.500000 279069 240
783.989990 279069 240
830.609985 279069 240
880.000000 279069 240
932.330017 279069 240
1244.500000 279069 240
783.989990 279069 240
830.609985 279069 240
880.000000 279069 240
932.330017 279069 240
1244.500000 279069 240
783.989990 279069 240
830.609985 279069 240
880.000000 279069 240
932.330017 279069 240
1244.500000 279069 240
783.989990 279069 240
830.609985 279069 240
880.000000 279069 240
932.330017 279069 240
1244.500000 279069 240
783.989990 279069 240
830.609985 279069 240
880.000000 279069 240
932.330017 279069 240
1244.500000 279069 240
783.989990 279069 240
830.609985 279069 240
880.000000 279069 240
932.330017 279069 240
1244.500000 279069 240
783.989990 279069 240
830.609985 279069 240
880.000000 279069 240
932.330017 279069 240
1244.500000 279069 480
1567.979980 279069 480
783.989990 279069 480
783.989990 279069 480
783.989990 279069 480
155.559998 279069 1440
