277.179993 833333 240
523.250000 833333 240
554.369995 833333 240
329.630005 833333 240
830.609985 833333 240
880.000000 833333 240
311.130005 833333 240
554.369995 833333 240
523.250000 833333 240
369.989990 833333 240
987.770020 833333 240
880.000000 833333 240
329.630005 833333 240
830.609985 833333 240
1108.699951 833333 240
369.989990 833333 240
880.000000 833333 240
739.989990 833333 240
415.299988 833333 240
622.250000 833333 240
659.250000 833333 240
207.649994 833333 240
830.609985 833333 240
523.250000 612244 0
138.589996 612244 120
830.609985 612244 80
830.609985 612244 80
830.609985 612244 80
523.250000 612244 120
830.609985 612244 80
830.609985 612244 80
830.609985 612244 80
554.369995 612244 120
830.609985 612244 80
830.609985 612244 80
830.609985 612244 80
329.630005 612244 120
830.609985 612244 80
830.609985 612244 80
830.609985 612244 80
830.609985 612244 120
1318.510010 612244 80
1318.510010 612244 80
1318.510010 612244 80
880.000000 612244 120
1108.699951 612244 80
1108.699951 612244 80
1108.699951 612244 80
369.989990 612244 120
1108.699951 612244 80
1108.699951 612244 80
1108.699951 612244 80
554.369995 612244 120
1108.699951 612244 80
1108.699951 612244 80
1108.699951 612244 80
523.250000 612244 120
1108.699951 612244 80
1108.699951 612244 80
1108.699951 612244 80
207.649994 612244 120
1046.500000 612244 80
1046.500000 612244 80
1046.500000 612244 80
440.000000 612244 120
1046.500000 612244 80
1046.500000 612244 80
1046.500000 612244 80
415.299988 612244 120
1046.500000 612244 80
1046.500000 612244 80
1046.500000 612244 80
138.589996 612244 120
830.609985 612244 80
830.609985 612244 80
830.609985 612244 80
523.250000 612244 120
830.609985 612244 80
830.609985 612244 80
830.609985 612244 80
554.369995 612244 120
830.609985 612244 80
830.609985 612244 80
830.609985 612244 80
329.630005 612244 120
830.609985 612244 80
830.609985 612244 80
830.609985 612244 80
830.609985 612244 120
1318.510010 612244 80
1318.510010 612244 80
1318.510010 612244 80
880.000000 612244 120
1108.699951 612244 80
1108.699951 612244 80
1108.699951 612244 80
369.989990 612244 120
1108.699951 612244 80
1108.699951 612244 80
1108.699951 612244 80
554.369995 612244 120
1108.699951 612244 80
1108.699951 612244 80
1108.699951 612244 80
523.250000 612244 120
1108.699951 612244 80
1108.699951 612244 80
1108.699951 612244 80
207.649994 612244 120
1046.500000 612244 80
1046.500000 612244 80
1046.500000 612244 80
880.000000 612244 120
1046.500000 612244 80
1046.500000 612244 80
1046.500000 612244 80
830.609985 612244 120
1046.500000 612244 80
1046.500000 612244 80
1046.500000 833333 0
138.589996 833333 240
277.179993 833333 240
207.649994 833333 240
622.250000 833333 240
311.130005 833333 240
207.649994 833333 240
138.589996 833333 240
329.630005 833333 240
277.179993 833333 240
739.989990 833333 240
369.989990 833333 240
246.940002 833333 240
164.809998 833333 240
415.299988 833333 240
329.630005 833333 240
196.000000 833333 240
466.160004 833333 240
311.130005 833333 240
207.649994 833333 240
493.880005 833333 240
415.299988 833333 240
233.080002 833333 240
554.369995 833333 240
369.989990 612244 0
246.940002 612244 120
1174.599976 612244 80
1174.599976 612244 80
1174.599976 612244 80
587.330017 612244 120
1174.599976 612244 80
1174.599976 612244 80
1174.599976 612244 80
493.880005 612244 120
1174.599976 612244 80
1174.599976 612244 80
1174.599976 612244 80
220.000000 612244 120
1244.500000 612244 80
1244.500000 612244 80
1244.500000 612244 80
622.250000 612244 120
1244.500000 612244 80
1244.500000 612244 80
1244.500000 612244 80
493.880005 612244 120
1244.500000 612244 80
1244.500000 612244 80
1244.500000 612244 80
207.649994 612244 120
1318.510010 612244 80
1318.510010 612244 80
1318.510010 612244 80
659.250000 612244 120
1318.510010 612244 80
1318.510010 612244 80
1318.510010 612244 80
493.880005 612244 120
1318.510010 612244 80
1318.510010 612244 80
1318.510010 612244 80
246.940002 612244 120
1396.910034 612244 80
1396.910034 612244 80
1396.910034 612244 80
698.460022 612244 120
1396.910034 612244 80
1396.910034 612244 80
1396.910034 612244 80
415.299988 612244 120
1396.910034 612244 80
1396.910034 612244 80
1396.910034 612244 80
233.080002 612244 120
1479.979980 612244 80
1479.979980 612244 80
1479.979980 612244 80
739.989990 612244 120
1479.979980 612244 80
1479.979980 612244 80
1479.979980 612244 80
466.160004 612244 120
1479.979980 612244 80
1479.979980 612244 80
1479.979980 612244 80
277.179993 612244 120
1567.979980 612244 80
1567.979980 612244 80
1567.979980 612244 80
783.989990 612244 120
1567.979980 612244 80
1567.979980 612244 80
1567.979980 612244 80
440.000000 612244 120
1567.979980 612244 80
1567.979980 612244 80
1567.979980 612244 80
207.649994 612244 120
1661.219971 612244 80
1661.219971 612244 80
1661.219971 612244 80
830.609985 612244 120
1661.219971 612244 80
1661.219971 612244 80
1661.219971 612244 80
622.250000 612244 120
1661.219971 612244 80
1661.219971 612244 80
1661.219971 612244 80
207.649994 612244 120
830.609985 612244 80
830.609985 612244 80
830.609985 612244 80
523.250000 612244 120
830.609985 612244 80
830.609985 612244 80
830.609985 612244 80
311.130005 612244 120
830.609985 612244 80
830.609985 612244 80
830.609985 612244 80
207.649994 612244 120
830.609985 612244 80
830.609985 612244 80
830.609985 612244 80
622.250000 612244 120
830.609985 612244 80
830.609985 612244 80
830.609985 612244 80
415.299988 612244 120
830.609985 612244 80
830.609985 612244 80
830.609985 612244 80
261.630005 612244 120
830.609985 612244 80
830.609985 612244 80
830.609985 612244 80
554.369995 612244 120
880.000000 612244 80
880.000000 612244 80
880.000000 612244 80
523.250000 612244 120
830.609985 612244 80
830.609985 612244 80
830.609985 612244 80
138.589996 612244 120
830.609985 612244 80
830.609985 612244 80
830.609985 612244 80
329.630005 612244 120
830.609985 612244 80
830.609985 612244 80
830.609985 612244 80
207.649994 612244 120
830.609985 612244 80
830.609985 612244 80
830.609985 612244 80
329.630005 612244 120
830.609985 612244 80
830.609985 612244 80
830.609985 612244 80
554.369995 612244 120
1318.510010 612244 80
1318.510010 612244 80
1318.510010 612244 80
440.000000 612244 120
1108.699951 612244 80
1108.699951 612244 80
1108.699951 612244 80
311.130005 612244 120
1046.500000 612244 80
1046.500000 612244 80
1046.500000 612244 80
369.989990 612244 120
1046.500000 612244 80
1046.500000 612244 80
1046.500000 612244 80
220.000000 612244 120
1046.500000 612244 80
1046.500000 612244 80
1046.500000 612244 80
207.649994 612244 120
1046.500000 612244 80
1046.500000 612244 80
1046.500000 612244 80
554.369995 612244 120
1108.699951 612244 80
1108.699951 612244 80
1108.699951 612244 80
622.250000 612244 120
1244.500000 612244 80
1244.500000 612244 80
1244.500000 612244 80
138.589996 612244 120
1244.500000 612244 80
1244.500000 612244 80
1244.500000 612244 80
329.630005 612244 120
1244.500000 612244 80
1244.500000 612244 80
1244.500000 612244 80
207.649994 612244 120
1244.500000 612244 80
1244.500000 612244 80
1244.500000 612244 80
329.630005 612244 120
1108.699951 612244 80
1108.699951 612244 80
1108.699951 612244 80
523.250000 612244 120
1108.699951 612244 80
1108.699951 612244 80
1108.699951 612244 80
554.369995 612244 120
1108.699951 612244 80
1108.699951 612244 80
1108.699951 612244 80
369.989990 612244 120
1174.599976 612244 80
1174.599976 612244 80
1174.599976 612244 80
587.330017 612244 120
1174.599976 612244 80
1174.599976 612244 80
1174.599976 612244 80
440.000000 612244 120
1174.599976 612244 80
1174.599976 612244 80
1174.599976 612244 80
369.989990 612244 120
1174.599976 612244 80
1174.599976 612244 80
1174.599976 612244 80
739.989990 612244 120
1479.979980 612244 80
1479.979980 612244 80
1479.979980 612244 80
369.989990 612244 120
1174.599976 612244 80
1174.599976 612244 80
1174.599976 612244 80
196.000000 612244 120
1174.599976 612244 80
1174.599976 612244 80
1174.599976 612244 80
587.330017 612244 120
1174.599976 612244 80
1174.599976 612244 80
1174.599976 612244 80
329.630005 612244 120
1174.599976 612244 80
1174.599976 612244 80
1174.599976 612244 80
196.000000 612244 120
1108.699951 612244 80
1108.699951 612244 80
1108.699951 612244 80
554.369995 612244 120
1108.699951 612244 80
1108.699951 612244 80
1108.699951 612244 80
440.000000 612244 120
1108.699951 612244 80
1108.699951 612244 80
1108.699951 612244 80
207.649994 612244 120
1108.699951 612244 80
1108.699951 612244 80
1108.699951 612244 80
554.369995 612244 120
1108.699951 612244 80
1108.699951 612244 80
1108.699951 612244 80
329.630005 612244 120
1108.699951 612244 80
1108.699951 612244 80
1108.699951 612244 80
329.630005 612244 120
1108.699951 612244 80
1108.699951 612244 80
1108.699951 612244 80
369.989990 612244 120
1318.510010 612244 80
1318.510010 612244 80
1318.510010 612244 80
329.630005 612244 120
1244.500000 612244 80
1244.500000 612244 80
1244.500000 612244 80
220.000000 612244 120
1244.500000 612244 80
1244.500000 612244 80
1244.500000 612244 80
622.250000 612244 120
1244.500000 612244 80
1244.500000 612244 80
1244.500000 612244 80
329.630005 612244 120
1244.500000 612244 80
1244.500000 612244 80
1244.500000 612244 80
220.000000 612244 120
1108.699951 612244 80
1108.699951 612244 80
1108.699951 612244 80
554.369995 612244 120
1108.699951 612244 80
1108.699951 612244 80
1108.699951 612244 80
830.609985 612244 120
1108.699951 612244 80
1108.699951 612244 80
1108.699951 612244 80
233.080002 612244 120
1108.699951 612244 80
1108.699951 612244 80
1108.699951 612244 80
783.989990 612244 120
1108.699951 612244 80
1108.699951 612244 80
1108.699951 612244 80
329.630005 612244 120
1108.699951 612244 80
1108.699951 612244 80
1108.699951 612244 80
233.080002 612244 120
1108.699951 612244 80
1108.699951 612244 80
1108.699951 612244 80
739.989990 612244 120
1479.979980 612244 80
1479.979980 612244 80
1479.979980 612244 80
659.250000 612244 120
1318.510010 612244 80
1318.510010 612244 80
1318.510010 612244 80
246.940002 612244 120
1318.510010 612244 80
1318.510010 612244 80
1318.510010 612244 80
659.250000 612244 120
1318.510010 612244 80
1318.510010 612244 80
1318.510010 612244 80
369.989990 612244 120
1318.510010 612244 80
1318.510010 612244 80
1318.510010 612244 80
246.940002 612244 120
1244.500000 612244 80
1244.500000 612244 80
1244.500000 612244 80
622.250000 612244 120
1244.500000 612244 80
1244.500000 612244 80
1244.500000 612244 80
880.000000 612244 120
1244.500000 612244 80
1244.500000 612244 80
1244.500000 612244 80
261.630005 612244 120
1244.500000 612244 80
1244.500000 612244 80
1244.500000 612244 80
880.000000 612244 120
1244.500000 612244 80
1244.500000 612244 80
1244.500000 612244 80
369.989990 612244 120
1244.500000 612244 80
1244.500000 612244 80
1244.500000 612244 80
523.250000 612244 120
1244.500000 612244 80
1244.500000 612244 80
1244.500000 612244 80
415.299988 612244 120
1244.500000 612244 80
1244.500000 612244 80
1244.500000 612244 80
369.989990 612244 120
830.609985 612244 80
830.609985 612244 80
830.609985 612244 80
739.989990 612244 120
830.609985 612244 80
830.609985 612244 80
830.609985 612244 80
369.989990 612244 120
830.609985 612244 80
830.609985 612244 80
830.609985 612244 80
369.989990 612244 120
830.609985 612244 80
830.609985 612244 80
830.609985 612244 80
207.649994 612244 120
830.609985 612244 80
830.609985 638297 40
830.609985 659340 0
329.630005 681818 0
830.609985 681818 80
830.609985 705882 40
830.609985 740740 0
554.369995 769230 0
830.609985 769230 80
830.609985 800000 40
830.609985 833333 0
138.589996 833333 240
329.630005 833333 240
466.160004 833333 240
987.770020 833333 240
329.630005 833333 240
493.880005 833333 240
1108.699951 833333 240
329.630005 833333 240
554.369995 833333 240
233.080002 833333 240
329.630005 833333 240
554.369995 833333 240
233.080002 833333 240
329.630005 833333 240
554.369995 833333 240
246.940002 833333 240
329.630005 833333 240
493.880005 833333 240
932.330017 833333 240
329.630005 833333 240
466.160004 833333 240
932.330017 833333 240
392.000000 833333 240
466.160004 612244 0
277.179993 612244 120
932.330017 612244 80
932.330017 612244 80
932.330017 612244 80
369.989990 612244 120
932.330017 612244 80
932.330017 612244 80
932.330017 612244 80
466.160004 612244 120
932.330017 612244 80
932.330017 612244 80
932.330017 612244 80
246.940002 612244 120
987.770020 612244 80
987.770020 612244 80
987.770020 612244 80
369.989990 612244 120
987.770020 612244 80
987.770020 612244 80
987.770020 612244 80
493.880005 612244 120
987.770020 612244 80
987.770020 612244 80
987.770020 612244 80
207.649994 612244 120
1046.500000 612244 80
1046.500000 612244 80
1046.500000 612244 80
311.130005 612244 120
1046.500000 612244 80
1046.500000 612244 80
1046.500000 612244 80
554.369995 612244 120
1046.500000 612244 80
1046.500000 612244 80
1046.500000 612244 80
207.649994 612244 120
987.770020 612244 80
987.770020 612244 80
987.770020 612244 80
493.880005 612244 120
987.770020 612244 80
987.770020 612244 80
987.770020 612244 80
659.250000 612244 120
1318.510010 612244 80
1318.510010 612244 80
1318.510010 612244 80
220.000000 612244 120
1318.510010 612244 80
1318.510010 612244 80
1318.510010 612244 80
554.369995 612244 120
1318.510010 612244 80
1318.510010 612244 80
1318.510010 612244 80
659.250000 612244 120
1318.510010 612244 80
1318.510010 612244 80
1318.510010 612244 80
277.179993 612244 120
1318.510010 612244 80
1318.510010 612244 80
1318.510010 612244 80
554.369995 612244 120
1108.699951 612244 80
1108.699951 612244 80
1108.699951 612244 80
466.160004 612244 120
932.330017 612244 80
932.330017 612244 80
932.330017 612244 80
246.940002 612244 120
987.770020 612244 80
987.770020 612244 80
987.770020 612244 80
493.880005 612244 120
987.770020 612244 80
987.770020 612244 80
987.770020 612244 80
415.299988 612244 120
987.770020 612244 80
987.770020 612244 80
987.770020 612244 80
246.940002 631578 0
987.770020 631578 80
987.770020 652173 40
987.770020 674157 0
440.000000 697674 0
987.770020 697674 80
987.770020 722891 40
987.770020 750000 0
369.989990 779220 0
739.989990 779220 80
739.989990 810810 40
739.989990 833333 0
659.250000 833333 240
329.630005 833333 240
1318.510010 833333 240
246.940002 833333 240
329.630005 833333 240
659.250000 833333 240
220.000000 833333 240
329.630005 833333 240
659.250000 833333 240
246.940002 833333 240
329.630005 833333 240
659.250000 833333 240
220.000000 833333 240
277.179993 833333 240
329.630005 833333 240
233.080002 833333 240
329.630005 833333 240
392.000000 833333 240
493.880005 833333 240
415.299988 833333 240
246.940002 833333 240
155.559998 833333 240
220.000000 833333 240
246.940002 833333 240
164.809998 833333 240
622.250000 833333 240
659.250000 833333 240
138.589996 833333 240
1046.500000 833333 240
1108.699951 833333 240
155.559998 833333 240
554.369995 833333 240
523.250000 833333 240
261.630005 833333 240
830.609985 833333 240
523.250000 612244 0
138.589996 612244 120
830.609985 612244 80
830.609985 612244 80
830.609985 612244 80
523.250000 612244 120
830.609985 612244 80
830.609985 612244 80
830.609985 612244 80
554.369995 612244 120
830.609985 612244 80
830.609985 612244 80
830.609985 612244 80
329.630005 612244 120
830.609985 612244 80
830.609985 612244 80
830.609985 612244 80
830.609985 612244 120
1318.510010 612244 80
1318.510010 612244 80
1318.510010 612244 80
880.000000 612244 120
1108.699951 612244 80
1108.699951 612244 80
1108.699951 612244 80
369.989990 612244 120
1108.699951 612244 80
1108.699951 612244 80
1108.699951 612244 80
554.369995 612244 120
1108.699951 612244 80
1108.699951 612244 80
1108.699951 612244 80
523.250000 612244 120
1108.699951 612244 80
1108.699951 612244 80
1108.699951 612244 80
207.649994 612244 120
1046.500000 612244 80
1046.500000 612244 80
1046.500000 612244 80
440.000000 612244 120
1046.500000 612244 80
1046.500000 612244 80
1046.500000 612244 80
415.299988 612244 120
1046.500000 612244 80
1046.500000 612244 80
1046.500000 612244 80
138.589996 612244 120
830.609985 612244 80
830.609985 612244 80
830.609985 612244 80
523.250000 612244 120
830.609985 612244 80
830.609985 612244 80
830.609985 612244 80
554.369995 612244 120
830.609985 612244 80
830.609985 612244 80
830.609985 612244 80
329.630005 612244 120
830.609985 612244 80
830.609985 612244 80
830.609985 612244 80
830.609985 612244 120
1318.510010 612244 80
1318.510010 612244 80
1318.510010 612244 80
880.000000 612244 120
1108.699951 612244 80
1108.699951 612244 80
1108.699951 612244 80
369.989990 612244 120
1108.699951 612244 80
1108.699951 612244 80
1108.699951 612244 80
554.369995 612244 120
1108.699951 612244 80
1108.699951 612244 80
1108.699951 612244 80
523.250000 612244 120
1108.699951 612244 80
1108.699951 612244 80
1108.699951 612244 80
207.649994 612244 120
1046.500000 612244 80
1046.500000 612244 80
1046.500000 612244 80
880.000000 612244 120
1046.500000 612244 80
1046.500000 612244 80
1046.500000 612244 80
830.609985 612244 120
1046.500000 612244 80
1046.500000 612244 80
1046.500000 612244 80
138.589996 612244 120
1108.699951 612244 80
1108.699951 612244 80
1108.699951 612244 80
523.250000 612244 120
1108.699951 612244 80
1108.699951 612244 80
1108.699951 612244 80
554.369995 612244 120
1108.699951 612244 80
1108.699951 612244 80
1108.699951 612244 80
174.610001 612244 120
987.770020 612244 80
987.770020 612244 80
987.770020 612244 80
440.000000 612244 120
987.770020 612244 80
987.770020 612244 80
987.770020 612244 80
415.299988 612244 120
987.770020 612244 80
987.770020 612244 80
987.770020 612244 80
369.989990 612244 120
1108.699951 612244 80
1108.699951 612244 80
1108.699951 612244 80
880.000000 612244 120
1108.699951 612244 80
1108.699951 612244 80
1108.699951 612244 80
554.369995 612244 120
1108.699951 612244 80
1108.699951 612244 80
1108.699951 612244 80
349.230011 612244 120
987.770020 612244 80
987.770020 612244 80
987.770020 612244 80
830.609985 612244 120
987.770020 612244 80
987.770020 612244 80
987.770020 612244 80
493.880005 612244 120
987.770020 612244 80
987.770020 612244 80
987.770020 612244 80
369.989990 612244 120
880.000000 612244 80
880.000000 612244 80
880.000000 612244 80
739.989990 612244 120
880.000000 612244 80
554.369995 612244 80
880.000000 612244 80
587.330017 612244 120
880.000000 612244 80
880.000000 612244 80
880.000000 612244 80
493.880005 612244 120
830.609985 612244 80
830.609985 612244 80
830.609985 612244 80
440.000000 612244 120
830.609985 612244 80
830.609985 612244 80
830.609985 612244 80
415.299988 612244 120
830.609985 612244 80
830.609985 612244 80
830.609985 612244 80
246.940002 612244 120
739.989990 612244 80
739.989990 612244 80
739.989990 612244 80
659.250000 612244 120
739.989990 612244 80
739.989990 612244 80
739.989990 612244 80
622.250000 612244 120
739.989990 612244 80
739.989990 612244 80
739.989990 612244 80
138.589996 612244 120
659.250000 612244 80
659.250000 612244 80
659.250000 612244 80
415.299988 612244 120
659.250000 612244 80
659.250000 612244 80
659.250000 612244 80
554.369995 612244 120
659.250000 612244 80
659.250000 612244 80
659.250000 612244 80
220.000000 612244 120
622.250000 612244 80
622.250000 612244 80
622.250000 612244 80
311.130005 612244 120
622.250000 612244 80
622.250000 612244 80
622.250000 612244 80
277.179993 612244 120
622.250000 612244 80
622.250000 612244 80
622.250000 612244 80
233.080002 612244 120
554.369995 612244 80
554.369995 612244 80
554.369995 612244 80
392.000000 612244 120
554.369995 612244 80
554.369995 612244 80
554.369995 612244 80
329.630005 612244 120
554.369995 612244 80
554.369995 612244 80
554.369995 612244 80
207.649994 612244 120
523.250000 612244 80
523.250000 612244 80
523.250000 612244 80
261.630005 612244 120
523.250000 612244 80
523.250000 612244 80
523.250000 612244 80
311.130005 612244 120
523.250000 612244 80
523.250000 612244 80
523.250000 612244 80
207.649994 612244 120
554.369995 612244 80
554.369995 612244 80
554.369995 612244 80
329.630005 612244 120
554.369995 612244 80
554.369995 612244 80
554.369995 612244 80
415.299988 612244 120
554.369995 612244 80
554.369995 612244 80
554.369995 612244 80
207.649994 612244 120
622.250000 612244 80
622.250000 612244 80
622.250000 612244 80
311.130005 612244 120
622.250000 612244 80
622.250000 612244 80
622.250000 612244 80
415.299988 612244 120
622.250000 612244 80
622.250000 612244 80
622.250000 612244 80
207.649994 612244 120
659.250000 612244 80
659.250000 612244 80
659.250000 612244 80
554.369995 612244 120
659.250000 612244 80
659.250000 612244 80
659.250000 612244 80
329.630005 612244 120
659.250000 612244 80
659.250000 612244 80
659.250000 612244 80
207.649994 612244 120
622.250000 612244 80
622.250000 612244 80
622.250000 612244 80
311.130005 612244 120
622.250000 612244 80
622.250000 612244 80
622.250000 612244 80
415.299988 612244 120
622.250000 612244 80
622.250000 612244 80
622.250000 612244 80
207.649994 612244 120
622.250000 612244 80
622.250000 612244 80
622.250000 612244 80
523.250000 612244 120
622.250000 612244 80
622.250000 612244 80
622.250000 612244 80
311.130005 612244 120
622.250000 612244 80
622.250000 612244 80
622.250000 833333 0
554.369995 833333 240
369.989990 833333 240
261.630005 833333 240
277.179993 833333 60
138.589996 833333 180
369.989990 833333 240
349.230011 833333 240
138.589996 833333 240
440.000000 833333 240
415.299988 833333 240
174.610001 833333 240
554.369995 833333 240
493.880005 612244 0
185.000000 618556 0
1108.699951 618556 80
1108.699951 625000 40
1108.699951 625000 0
440.000000 631578 0
1108.699951 631578 80
1108.699951 631578 40
1108.699951 638297 0
369.989990 638297 0
1108.699951 638297 80
1108.699951 645161 40
1108.699951 652173 0
277.179993 652173 0
1108.699951 652173 80
1108.699951 659340 40
1108.699951 659340 0
369.989990 666666 0
1108.699951 666666 80
1108.699951 666666 40
1108.699951 674157 0
277.179993 681818 0
1108.699951 681818 80
1108.699951 681818 40
1108.699951 689655 0
220.000000 689655 0
1108.699951 689655 80
1108.699951 697674 40
1108.699951 697674 0
277.179993 705882 0
1108.699951 705882 80
1108.699951 714285 40
1108.699951 714285 0
220.000000 722891 0
1108.699951 722891 80
1108.699951 722891 40
1108.699951 731707 0
185.000000 731707 0
1108.699951 731707 80
1108.699951 740740 40
1108.699951 740740 0
220.000000 750000 0
1108.699951 750000 80
1108.699951 759493 40
1108.699951 759493 0
185.000000 769230 0
1108.699951 769230 80
1108.699951 769230 40
1108.699951 937500 0
138.589996 937500 960
